- Left Camera

100%|██████████| 200/200 [00:04<00:00, 49.79it/s]
100%|██████████| 200/200 [00:05<00:00, 35.05it/s]
COMPUTING...
rmse: 0.510740433112241
camera matrix:
 [[661.08096423   0.         311.15375706]
 [  0.         663.44602456 193.02387752]
 [  0.           0.           1.        ]]
distortion coeffs: [[-0.37382562  0.12340864  0.00248215 -0.00041033 -0.01638066]]
Rs:
 (array([[0.51697355],
       [0.29816191],
       [0.45589125]]), array([[ 0.11092218],
       [-0.09403491],
       [-1.54318999]]), array([[-0.08433635],
       [ 0.28029273],
       [-1.48077947]]), array([[ 0.40316155],
       [-0.08935694],
       [-1.61383455]]), array([[ 0.39789736],
       [-0.18767514],
       [-1.63906541]]), array([[ 0.07880678],
       [ 0.1531451 ],
       [-1.91409253]]), array([[-0.1901899 ],
       [ 0.28573074],
       [-1.35539365]]), array([[-0.19138132],
       [ 0.2580453 ],
       [-1.25749374]]), array([[-0.10688003],
       [ 0.1613812 ],
       [-1.52784367]]), array([[-0.18662704],
       [-0.06138381],
       [-1.55573083]]), array([[-0.09264044],
       [ 0.02746947],
       [-1.56938842]]), array([[-0.09352165],
       [-0.07743204],
       [ 1.54576837]]), array([[ 0.14186674],
       [-0.13520038],
       [-0.094293  ]]), array([[ 0.20954376],
       [-0.05953352],
       [-0.11772574]]), array([[ 0.05877953],
       [-0.00321409],
       [-0.09146865]]), array([[ 0.39153024],
       [-0.03406557],
       [-0.03425205]]), array([[ 0.28509827],
       [-0.29087898],
       [-0.11379664]]), array([[ 0.23661728],
       [-0.38431195],
       [-0.16948912]]), array([[ 0.38131567],
       [-0.162529  ],
       [-0.11164154]]), array([[ 0.17065435],
       [ 0.10474444],
       [-0.05058103]]), array([[-0.05449553],
       [-0.03527852],
       [-0.21685546]]), array([[-0.03751854],
       [-0.14837848],
       [ 1.57678966]]), array([[0.18518731],
       [0.19653782],
       [0.20064844]]), array([[0.06235348],
       [0.06258366],
       [0.04908236]]), array([[-0.17870681],
       [ 0.64996293],
       [ 0.02793548]]), array([[-0.18327279],
       [ 0.56748577],
       [ 0.01273961]]), array([[-0.27614291],
       [ 0.09123547],
       [-0.01984768]]), array([[-0.20177249],
       [ 0.01052878],
       [-0.04437131]]), array([[-0.22630121],
       [ 0.02433445],
       [-0.0344261 ]]), array([[-0.25929569],
       [-0.413713  ],
       [-0.14300993]]), array([[-0.1847859 ],
       [-0.4712773 ],
       [-0.13126088]]), array([[-0.15650324],
       [-0.48942594],
       [-0.13683821]]), array([[0.16297111],
       [0.14115914],
       [1.60398683]]), array([[-0.14785544],
       [-0.40724271],
       [-0.11755492]]), array([[-0.11780272],
       [-0.58561438],
       [-0.17775235]]), array([[-0.08540762],
       [-0.56189321],
       [-0.17334541]]), array([[-0.07019169],
       [-0.27139713],
       [-0.09027298]]), array([[-0.01284149],
       [-0.01916922],
       [-0.02789686]]), array([[ 0.07339182],
       [ 0.26933295],
       [-0.06836867]]), array([[ 0.11020674],
       [ 0.26311478],
       [-0.09582274]]), array([[ 0.09431114],
       [-0.13398504],
       [-1.5527815 ]]), array([[ 0.11384897],
       [-0.17373037],
       [-1.56928468]]), array([[ 0.16265346],
       [-0.08278877],
       [-1.55171638]]), array([[0.16925953],
       [0.171626  ],
       [1.60162537]]), array([[ 0.18057725],
       [-0.02228105],
       [-1.53928842]]), array([[-0.05700226],
       [-0.15605255],
       [-1.54599799]]), array([[-0.378002  ],
       [-0.49714882],
       [-1.51576581]]), array([[-0.42870835],
       [-0.55075947],
       [-1.51560451]]), array([[ 1.46790387e-03],
       [-6.03839241e-02],
       [-1.54480993e+00]]), array([[ 0.33451289],
       [ 0.37754709],
       [-1.48202946]]), array([[ 0.04097047],
       [-0.06270973],
       [-2.11210981]]), array([[ 0.01023448],
       [-0.03934934],
       [-1.94413663]]), array([[-0.09790566],
       [-0.01596154],
       [-1.53264932]]), array([[-0.11536983],
       [ 0.06182949],
       [-1.0032781 ]]), array([[-0.00954567],
       [ 0.0189986 ],
       [ 1.56487695]]), array([[ 0.18597246],
       [ 0.17709171],
       [-0.94083672]]), array([[ 0.48271183],
       [ 0.2447093 ],
       [-1.01099483]]), array([[ 0.42629425],
       [ 0.25374957],
       [-1.00176805]]), array([[-0.43621256],
       [-0.41225114],
       [-1.8276085 ]]), array([[-0.38745996],
       [-0.45705639],
       [-2.12029621]]), array([[-0.33129568],
       [ 0.0678498 ],
       [-2.58373003]]), array([[-0.22592648],
       [ 0.24557873],
       [-2.65264237]]), array([[-0.04730543],
       [ 0.38361216],
       [-2.68735169]]), array([[-0.06219979],
       [ 0.34910653],
       [-2.66069789]]), array([[-0.14563467],
       [ 0.23739437],
       [-2.31418143]]), array([[-0.12450597],
       [-0.0154316 ],
       [ 1.54232495]]), array([[-0.19048578],
       [ 0.35915796],
       [-0.65484667]]), array([[-0.15115186],
       [ 0.22748969],
       [-0.17779723]]), array([[-9.64130347e-02],
       [ 1.39174162e-01],
       [-3.15645288e-05]]), array([[-0.01904755],
       [ 0.20363567],
       [ 0.0946449 ]]), array([[0.11882319],
       [0.06677269],
       [0.03086235]]), array([[ 3.03205902e-04],
       [-3.60689184e-01],
       [-7.80158209e-02]]), array([[-0.04246895],
       [-0.6162077 ],
       [-0.17199837]]), array([[-0.15939489],
       [-0.67257564],
       [-0.31834999]]), array([[-0.17256619],
       [-0.08571154],
       [-0.21177078]]), array([[-0.12782285],
       [-0.06984989],
       [ 1.551466  ]]), array([[-0.23466712],
       [-0.13525764],
       [-0.35610862]]), array([[-0.1784151 ],
       [-0.12528127],
       [-1.31695356]]), array([[-0.0944797 ],
       [-0.13263631],
       [-1.58031213]]), array([[-0.0944797 ],
       [-0.13263631],
       [-1.58031213]]), array([[-0.12090223],
       [-0.19024837],
       [-1.80562173]]), array([[-0.12090223],
       [-0.19024837],
       [-1.80562173]]), array([[-0.56548101],
       [-0.34860242],
       [-2.53501739]]), array([[-0.56548101],
       [-0.34860242],
       [-2.53501739]]), array([[-0.61371297],
       [-0.24836208],
       [-1.80602967]]), array([[-0.61371297],
       [-0.24836208],
       [-1.80602967]]), array([[-0.57136431],
       [-0.16194919],
       [-1.65249332]]), array([[-0.57136431],
       [-0.16194919],
       [-1.65249332]]), array([[-0.42545673],
       [ 0.03674054],
       [-1.68920454]]), array([[-0.42545673],
       [ 0.03674054],
       [-1.68920454]]), array([[-0.31072509],
       [ 0.1904173 ],
       [-1.68042402]]), array([[-0.31072509],
       [ 0.1904173 ],
       [-1.68042402]]), array([[-0.3830617 ],
       [ 0.3605833 ],
       [-0.85022886]]), array([[-0.3830617 ],
       [ 0.3605833 ],
       [-0.85022886]]), array([[-0.07575005],
       [-0.03090189],
       [ 1.57121734]]), array([[-0.07575005],
       [-0.03090189],
       [ 1.57121734]]), array([[-0.44438788],
       [ 0.07996597],
       [-1.51717294]]), array([[-0.04865193],
       [-0.0774032 ],
       [-1.59845718]]), array([[ 0.12171729],
       [-0.094387  ],
       [-1.6483256 ]]), array([[ 0.1734697 ],
       [-0.11293637],
       [-1.65762847]]), array([[ 0.22022763],
       [-0.14958989],
       [-1.67936289]]), array([[ 0.16975738],
       [-0.10920697],
       [-1.67100798]]), array([[-0.3519182 ],
       [ 0.24286304],
       [-1.48620286]]), array([[-0.42393891],
       [ 0.34348378],
       [-1.45513341]]), array([[-0.51470395],
       [ 0.17912298],
       [-1.42534863]]), array([[0.01170814],
       [0.04670738],
       [1.58798243]]), array([[-0.84052512],
       [-0.46510406],
       [-1.18691265]]), array([[-0.61848514],
       [-0.20109224],
       [-1.38383947]]), array([[-0.04724128],
       [ 0.43838947],
       [-1.57916101]]), array([[ 0.15267551],
       [ 0.72358402],
       [-1.47205673]]), array([[ 0.00403665],
       [ 0.55067545],
       [-1.07748388]]), array([[-0.07485809],
       [ 0.29087264],
       [-1.35270517]]), array([[-0.2140974 ],
       [ 0.10059911],
       [-1.5873596 ]]), array([[-0.23538166],
       [ 0.05930671],
       [-1.71633449]]), array([[-0.18994683],
       [ 0.13890926],
       [-1.68609254]]), array([[-0.09057282],
       [ 0.20729215],
       [-1.65224509]]), array([[0.02470623],
       [0.11381825],
       [1.60068354]]), array([[-0.01215957],
       [ 0.2393347 ],
       [-1.59772553]]), array([[ 0.05319885],
       [ 0.22476451],
       [-1.53362179]]), array([[ 0.14236542],
       [ 0.28440166],
       [-1.55524264]]), array([[ 0.27184442],
       [ 0.43990759],
       [-1.57130229]]), array([[ 0.28578083],
       [ 0.4767544 ],
       [-1.58408526]]), array([[-0.04807857],
       [ 0.11494846],
       [-1.62088022]]), array([[-0.15027342],
       [-0.04113896],
       [-1.72496776]]), array([[-0.21099532],
       [-0.10976509],
       [-1.87327817]]), array([[-0.16941924],
       [-0.07531538],
       [-1.97147823]]), array([[-0.13962502],
       [-0.14231286],
       [-1.95785517]]), array([[0.02103462],
       [0.14159436],
       [1.61831029]]), array([[-0.09177973],
       [-0.20460681],
       [-2.01354585]]), array([[-0.05493438],
       [-0.19309487],
       [-1.99797844]]), array([[ 0.10615792],
       [-0.26028388],
       [-2.04536443]]), array([[ 0.04834639],
       [-0.19867408],
       [-1.98087276]]), array([[-0.27711639],
       [ 0.16480066],
       [-1.75784564]]), array([[-0.09787438],
       [-0.05241209],
       [-1.8000748 ]]), array([[-0.17642031],
       [ 0.07344441],
       [-1.75457573]]), array([[-0.34420664],
       [ 0.26839251],
       [-1.70196314]]), array([[-0.49116218],
       [ 0.40584851],
       [-1.6593391 ]]), array([[-0.14935766],
       [ 0.12876925],
       [-1.58010825]]), array([[0.03564836],
       [0.14266482],
       [1.62016097]]), array([[-0.1790474 ],
       [ 0.17914026],
       [-1.56046893]]), array([[-0.26593073],
       [ 0.05370649],
       [-1.55068459]]), array([[-0.29793604],
       [-0.08321279],
       [-1.57237885]]), array([[-0.29217759],
       [-0.03562705],
       [-1.40871073]]), array([[-0.24805299],
       [-0.02683583],
       [-1.11496748]]), array([[-0.31186548],
       [-0.14839742],
       [-1.16957128]]), array([[-0.24978195],
       [-0.25602725],
       [-1.58807294]]), array([[ 0.01695356],
       [-0.31051762],
       [-1.75248252]]), array([[-0.03391211],
       [-0.33773092],
       [-1.77731269]]), array([[ 0.07062383],
       [-0.26287752],
       [-1.86767105]]), array([[0.04628972],
       [0.14136629],
       [1.61038022]]), array([[ 0.0636171 ],
       [-0.04192865],
       [-1.50204999]]), array([[ 0.07511174],
       [ 0.09139707],
       [-1.04979754]]), array([[ 0.08911126],
       [ 0.00658584],
       [-1.04616003]]), array([[-0.01167318],
       [-0.05975384],
       [-1.30299834]]), array([[-0.17144731],
       [-0.05352607],
       [-1.44686049]]), array([[-0.25087883],
       [-0.08041625],
       [-1.53440536]]), array([[-0.22220099],
       [-0.1401802 ],
       [-1.73916822]]), array([[-0.10290801],
       [ 0.26882042],
       [-1.28174638]]), array([[ 0.35673096],
       [-0.23350183],
       [-1.57415382]]), array([[ 0.12446495],
       [ 0.05460959],
       [-0.14462826]]), array([[-0.00213741],
       [ 0.16395479],
       [ 1.60090654]]), array([[-0.14144528],
       [-0.12155457],
       [-2.36290872]]), array([[-0.67702364],
       [-0.17432726],
       [-1.93244064]]), array([[-0.60021336],
       [ 0.40402383],
       [-2.69788177]]), array([[ 0.29177179],
       [ 0.51555552],
       [-2.88595781]]), array([[ 0.80188734],
       [ 0.3897979 ],
       [-2.8530881 ]]), array([[-0.55128273],
       [ 0.3745306 ],
       [-1.52121425]]), array([[ 0.09723396],
       [-0.16651612],
       [-1.4848823 ]]), array([[ 0.01526534],
       [-0.00830749],
       [-1.49319651]]), array([[ 0.025172  ],
       [ 0.23934287],
       [-1.4559177 ]]), array([[-0.10685709],
       [ 0.15733182],
       [-1.43958494]]), array([[-0.0922496 ],
       [ 0.24165829],
       [ 1.6089517 ]]), array([[-0.24559052],
       [ 0.06934857],
       [-1.37418765]]), array([[-0.16860898],
       [-0.00455792],
       [-1.53571736]]), array([[-0.08103724],
       [ 0.08599527],
       [-1.23490838]]), array([[-0.1220546 ],
       [ 0.12295457],
       [-0.87086147]]), array([[-0.11436779],
       [ 0.24182702],
       [-0.67690498]]), array([[-0.13121655],
       [ 0.33050105],
       [-0.55813647]]), array([[-0.12340811],
       [ 0.3756073 ],
       [-0.53480435]]), array([[-0.06448449],
       [ 0.40140327],
       [-0.57780966]]), array([[-0.09497001],
       [ 0.25447886],
       [ 1.632801  ]]), array([[-0.15205013],
       [-0.02864888],
       [-0.18969501]]), array([[-0.11456759],
       [-0.06800836],
       [-0.0297099 ]]), array([[-0.00450577],
       [-0.05316177],
       [ 0.21452919]]), array([[ 0.10502181],
       [-0.01700436],
       [ 0.22825587]]), array([[ 0.02475535],
       [-0.03411198],
       [ 0.15873049]]), array([[-0.14430674],
       [-0.12973464],
       [-0.21313486]]), array([[-0.21997155],
       [ 0.02495508],
       [-1.24848816]]), array([[-0.24533108],
       [-0.00897284],
       [-1.38187784]]), array([[-3.54238934e-01],
       [-9.67817491e-04],
       [-1.45950097e+00]]), array([[ 0.64447217],
       [-0.29590362],
       [ 1.53831046]]), array([[-0.30628904],
       [-0.01610687],
       [-1.54457503]]))
Ts:
 (array([[-12.84575423],
       [ -7.78703838],
       [ 39.77282162]]), array([[-22.20445671],
       [  8.62546475],
       [ 49.14458177]]), array([[-23.57092801],
       [ -1.30102066],
       [ 48.93312838]]), array([[-16.54078443],
       [  3.75928906],
       [ 42.3717292 ]]), array([[-16.36713999],
       [  3.91530674],
       [ 41.26766401]]), array([[-16.54406477],
       [  5.07457294],
       [ 43.31421944]]), array([[-16.19327938],
       [  3.06429883],
       [ 43.56694354]]), array([[-16.13443973],
       [  2.45686215],
       [ 42.98177542]]), array([[-17.70250749],
       [  3.85161254],
       [ 41.89670398]]), array([[-16.18223812],
       [ 13.22445418],
       [ 43.32258794]]), array([[-16.38717252],
       [ 13.0794394 ],
       [ 43.85614346]]), array([[-7.92939707],
       [-5.89515854],
       [51.63204288]]), array([[-13.32714877],
       [ -2.59152532],
       [ 42.55355554]]), array([[-15.14329245],
       [ -3.13681917],
       [ 42.01935721]]), array([[-15.39980526],
       [ -5.13434219],
       [ 46.10720428]]), array([[-15.13652213],
       [ -4.73519349],
       [ 38.88142512]]), array([[-16.25784002],
       [ -4.73497727],
       [ 39.67127165]]), array([[-16.7145599 ],
       [ -4.77284434],
       [ 40.30556283]]), array([[-16.75560618],
       [ -5.42620956],
       [ 40.07817038]]), array([[-16.14661348],
       [ -6.26825285],
       [ 44.95268218]]), array([[-18.32977684],
       [ -5.99356578],
       [ 48.14942283]]), array([[-8.75435062],
       [-4.91180278],
       [52.06852699]]), array([[-11.96470936],
       [ -7.23632511],
       [ 44.23385379]]), array([[-13.78836184],
       [ -7.081299  ],
       [ 46.08817527]]), array([[-12.51778821],
       [ -2.60235812],
       [ 49.32792227]]), array([[-12.91467988],
       [ -2.76301513],
       [ 49.12493395]]), array([[-14.80020173],
       [ -3.35342882],
       [ 48.13697344]]), array([[-15.17876857],
       [ -3.55486582],
       [ 47.11904702]]), array([[-14.83029661],
       [ -3.62958002],
       [ 47.78478169]]), array([[-16.75959597],
       [ -3.90990416],
       [ 46.27883324]]), array([[-16.17130843],
       [ -4.05958001],
       [ 45.49481704]]), array([[-16.19074842],
       [ -3.94682878],
       [ 44.90221786]]), array([[-8.62106611],
       [-4.77309618],
       [49.00246339]]), array([[-16.62359498],
       [ -3.29922894],
       [ 45.19783551]]), array([[-16.8077106 ],
       [ -3.0781958 ],
       [ 43.85528507]]), array([[-16.81472058],
       [ -2.91622448],
       [ 43.67075562]]), array([[-16.07484123],
       [ -3.20042141],
       [ 45.17691036]]), array([[-15.07742636],
       [ -3.33941178],
       [ 45.75143807]]), array([[-15.309876  ],
       [ -2.50213796],
       [ 46.61686298]]), array([[-15.59517329],
       [ -2.60629745],
       [ 47.1894673 ]]), array([[-11.95818393],
       [  6.16829114],
       [ 51.50116835]]), array([[-12.4370361 ],
       [  6.19775334],
       [ 51.51139771]]), array([[-12.61476074],
       [  5.65460172],
       [ 52.20117722]]), array([[-9.11399135],
       [-4.55334603],
       [48.34902056]]), array([[-12.56137917],
       [  4.69261592],
       [ 52.09574284]]), array([[-13.16488327],
       [  4.78016941],
       [ 50.49583365]]), array([[-13.09751788],
       [  4.31336315],
       [ 49.33378006]]), array([[-13.140208  ],
       [  4.20067633],
       [ 49.15278506]]), array([[-13.57951127],
       [  4.36774993],
       [ 50.69675155]]), array([[-13.53901551],
       [  4.59228546],
       [ 51.8215671 ]]), array([[-12.39050567],
       [  6.49941506],
       [ 49.98110736]]), array([[-12.88129375],
       [  5.98214939],
       [ 50.12359586]]), array([[-13.49806973],
       [  3.69019198],
       [ 50.29696368]]), array([[-12.81836051],
       [  1.61262083],
       [ 50.13423971]]), array([[-9.30031872],
       [-4.821646  ],
       [49.99419905]]), array([[-13.35925615],
       [  1.03191651],
       [ 48.74230051]]), array([[-13.88113877],
       [  1.59190774],
       [ 47.69472134]]), array([[-13.81253859],
       [  1.36447906],
       [ 48.15633465]]), array([[-13.27568341],
       [  2.59877122],
       [ 49.21818855]]), array([[-12.30357946],
       [  3.53828708],
       [ 49.14788118]]), array([[-8.99790607],
       [ 7.10516727],
       [49.34140988]]), array([[-8.45436574],
       [ 8.08525281],
       [49.75531827]]), array([[-8.31333863],
       [ 8.54444516],
       [50.2765453 ]]), array([[-8.65948426],
       [ 8.7236252 ],
       [50.21298521]]), array([[-11.62697049],
       [  8.25083688],
       [ 49.650122  ]]), array([[-8.78392192],
       [-4.69499836],
       [50.77078331]]), array([[-14.57640933],
       [  1.14098558],
       [ 51.70899958]]), array([[-13.94292958],
       [ -0.52055275],
       [ 52.62202702]]), array([[-13.32732027],
       [ -2.45145433],
       [ 53.22454792]]), array([[-12.4914942 ],
       [ -3.0329207 ],
       [ 53.22580004]]), array([[-13.14925684],
       [ -2.98459182],
       [ 51.03943301]]), array([[-13.28076255],
       [ -2.59569407],
       [ 50.37329654]]), array([[-13.59998614],
       [ -2.33287164],
       [ 49.23191415]]), array([[-12.57413241],
       [ -1.74838327],
       [ 48.46798956]]), array([[-12.07248631],
       [ -1.30760238],
       [ 51.72068384]]), array([[-7.97674519],
       [-4.43718115],
       [50.49617161]]), array([[-12.99216387],
       [ -0.71838559],
       [ 51.77453481]]), array([[-16.65154889],
       [  6.86128761],
       [ 50.23960096]]), array([[-16.688805  ],
       [  9.31712111],
       [ 49.57659043]]), array([[-16.688805  ],
       [  9.31712111],
       [ 49.57659043]]), array([[-16.25811543],
       [ 11.54957453],
       [ 49.23500019]]), array([[-16.25811543],
       [ 11.54957453],
       [ 49.23500019]]), array([[-12.90266426],
       [  4.8208612 ],
       [ 48.86051463]]), array([[-12.90266426],
       [  4.8208612 ],
       [ 48.86051463]]), array([[-18.1124985 ],
       [ -0.77378583],
       [ 50.65554899]]), array([[-18.1124985 ],
       [ -0.77378583],
       [ 50.65554899]]), array([[-18.73074149],
       [ -1.66811237],
       [ 50.50928747]]), array([[-18.73074149],
       [ -1.66811237],
       [ 50.50928747]]), array([[-18.24698087],
       [ -0.95904833],
       [ 50.78213709]]), array([[-18.24698087],
       [ -0.95904833],
       [ 50.78213709]]), array([[-18.02213133],
       [ -0.07577909],
       [ 50.76795051]]), array([[-18.02213133],
       [ -0.07577909],
       [ 50.76795051]]), array([[-17.78046284],
       [ -1.18920774],
       [ 50.8980931 ]]), array([[-17.78046284],
       [ -1.18920774],
       [ 50.8980931 ]]), array([[-6.68832839],
       [-4.20919596],
       [49.98602283]]), array([[-6.68832839],
       [-4.20919596],
       [49.98602283]]), array([[-20.85358789],
       [ -0.46124384],
       [ 48.41094423]]), array([[-16.74417632],
       [  0.84748214],
       [ 45.57313297]]), array([[-14.9953806 ],
       [  1.82868915],
       [ 45.19175041]]), array([[-14.4694414 ],
       [  2.11415619],
       [ 45.03315113]]), array([[-14.07415257],
       [  2.34006272],
       [ 44.73253688]]), array([[-14.05924603],
       [  2.44307078],
       [ 44.99460808]]), array([[-17.60338805],
       [  1.47947162],
       [ 48.72910799]]), array([[-17.78243015],
       [  1.38828998],
       [ 49.7985519 ]]), array([[-18.01843773],
       [  0.96218519],
       [ 48.94721272]]), array([[-3.31469047],
       [-4.10109257],
       [49.9154449 ]]), array([[-19.12354019],
       [ -0.30463988],
       [ 45.18525225]]), array([[-18.92608124],
       [  0.6671912 ],
       [ 46.25867204]]), array([[-17.14413949],
       [  0.77582738],
       [ 50.08963334]]), array([[-16.20863804],
       [  0.26385398],
       [ 51.37637387]]), array([[-16.45381333],
       [  0.49375399],
       [ 50.06835038]]), array([[-17.45949886],
       [  0.65022868],
       [ 48.89130134]]), array([[-18.04006119],
       [  0.84063484],
       [ 47.66441045]]), array([[-18.69321491],
       [  2.35653247],
       [ 47.21384261]]), array([[-18.85234762],
       [  2.72616322],
       [ 47.26846562]]), array([[-18.22292488],
       [  4.19939616],
       [ 46.30209881]]), array([[-1.11683368],
       [-4.09530182],
       [50.6804968 ]]), array([[-16.37578105],
       [  4.9196468 ],
       [ 46.0720565 ]]), array([[-13.34603262],
       [  5.63886309],
       [ 45.68217765]]), array([[-12.7345218 ],
       [  6.42234398],
       [ 46.24267534]]), array([[-12.84530472],
       [  6.94743164],
       [ 47.28804646]]), array([[-13.26983181],
       [  7.03009451],
       [ 48.02459014]]), array([[-13.34478034],
       [  6.48244986],
       [ 47.12254453]]), array([[-13.51996023],
       [  6.28657735],
       [ 46.74987257]]), array([[-13.81786548],
       [  6.51665722],
       [ 46.55295739]]), array([[-13.9915997 ],
       [  7.1218241 ],
       [ 46.83545341]]), array([[-12.98896041],
       [  7.08581205],
       [ 46.35594623]]), array([[-1.50344451],
       [-3.93937773],
       [51.05222449]]), array([[-12.35525746],
       [  7.16715207],
       [ 46.15618694]]), array([[-12.29890587],
       [  7.25603618],
       [ 45.97336037]]), array([[-12.22733561],
       [  7.63981375],
       [ 45.11624394]]), array([[-13.30048514],
       [  7.6066585 ],
       [ 45.34662571]]), array([[-12.05736007],
       [  7.91257925],
       [ 47.61891622]]), array([[-13.73785652],
       [  8.61545546],
       [ 42.09177025]]), array([[-15.69971985],
       [  8.63262486],
       [ 42.32694926]]), array([[-15.29722828],
       [  8.65891598],
       [ 44.52398979]]), array([[-12.60418422],
       [  8.78482514],
       [ 46.77849685]]), array([[-17.71812543],
       [  1.59051568],
       [ 43.48014915]]), array([[-1.79261036],
       [-3.8594147 ],
       [50.92209315]]), array([[-18.28411884],
       [  1.99037634],
       [ 42.6804931 ]]), array([[-17.9396303 ],
       [  7.69378278],
       [ 40.58002229]]), array([[-18.5196078 ],
       [ 12.70439189],
       [ 40.98867904]]), array([[-18.0565225 ],
       [ 11.63953257],
       [ 41.96125168]]), array([[-17.2807039 ],
       [  9.09997794],
       [ 42.74153323]]), array([[-16.7867724 ],
       [  8.40109567],
       [ 42.04836048]]), array([[-16.83645523],
       [  7.72132509],
       [ 40.60095639]]), array([[-16.63629552],
       [  8.53023005],
       [ 40.74184454]]), array([[-14.75657628],
       [  8.17805714],
       [ 41.37195193]]), array([[-12.67145831],
       [  9.43714449],
       [ 41.6447022 ]]), array([[-1.85670174],
       [-3.89761395],
       [50.86356338]]), array([[-14.26910321],
       [  7.7300658 ],
       [ 42.61381669]]), array([[-14.65214981],
       [  5.61047309],
       [ 42.8260344 ]]), array([[-15.21908732],
       [  7.33076706],
       [ 41.81710754]]), array([[-15.85330457],
       [  9.05668014],
       [ 41.91961126]]), array([[-16.36701849],
       [  9.25398364],
       [ 42.52321841]]), array([[-16.48584227],
       [  9.42080121],
       [ 42.51737147]]), array([[-17.15921769],
       [ 10.25961004],
       [ 42.83514124]]), array([[-15.30179871],
       [  1.54487152],
       [ 43.9875042 ]]), array([[-13.75642103],
       [  7.20604366],
       [ 40.83939614]]), array([[-13.09247098],
       [  0.39727814],
       [ 42.21199743]]), array([[-2.01717503],
       [-4.67969538],
       [51.54351243]]), array([[-13.45212967],
       [ 11.54102422],
       [ 39.12530162]]), array([[-15.30490327],
       [  9.45375983],
       [ 40.85928898]]), array([[-9.66891388],
       [12.85681287],
       [42.57002774]]), array([[-6.43186635],
       [12.25105484],
       [45.00750495]]), array([[-6.10288808],
       [12.11557734],
       [46.02112597]]), array([[-17.59378665],
       [  7.82299115],
       [ 46.26780393]]), array([[-19.97448927],
       [ 10.56973183],
       [ 41.98507957]]), array([[-17.8752989 ],
       [ 10.84214091],
       [ 42.45141454]]), array([[-19.07672181],
       [  6.96768398],
       [ 44.42553477]]), array([[-19.12225584],
       [  4.63955606],
       [ 43.97130284]]), array([[-2.79877591],
       [-7.33231035],
       [52.23802847]]), array([[-19.73899977],
       [  3.78443568],
       [ 43.45202201]]), array([[-20.80793579],
       [  6.67490392],
       [ 41.89927714]]), array([[-18.412996  ],
       [  7.11670153],
       [ 42.69863639]]), array([[-18.57359096],
       [  5.66664717],
       [ 42.75379802]]), array([[-18.86031822],
       [  4.61419576],
       [ 43.20064143]]), array([[-18.66906057],
       [  4.09756262],
       [ 43.6795543 ]]), array([[-18.74595826],
       [  4.14515742],
       [ 43.69383173]]), array([[-19.54179582],
       [  4.1920794 ],
       [ 43.26685046]]), array([[ -3.64811606],
       [-10.63078959],
       [ 52.20611693]]), array([[-17.36546171],
       [  1.93224824],
       [ 42.68008072]]), array([[-16.61707341],
       [  1.55139274],
       [ 42.75193354]]), array([[-14.70719959],
       [  1.49637961],
       [ 42.23321081]]), array([[-14.39892878],
       [  1.90460516],
       [ 40.98477284]]), array([[-15.59011553],
       [  2.22149073],
       [ 42.18035899]]), array([[-18.72477814],
       [  2.92614436],
       [ 42.93693533]]), array([[-20.28548428],
       [ 11.36076018],
       [ 43.93865496]]), array([[-18.0284154 ],
       [  8.41398796],
       [ 43.69604934]]), array([[-20.13910265],
       [  5.66130373],
       [ 44.50492441]]), array([[-1.94253019],
       [-8.03319288],
       [43.92913977]]), array([[-21.41511463],
       [  5.93381378],
       [ 43.99518034]]))
SUCCESS
----------------------------------------------------------------------------------------------------
- Right Camera
100%|██████████| 200/200 [00:12<00:00, 15.82it/s]
100%|██████████| 200/200 [00:26<00:00,  7.63it/s]
COMPUTING...
rmse: 0.8726980714260762
camera matrix:
 [[574.35284043   0.         340.7937652 ]
 [  0.         574.34779573 232.75837019]
 [  0.           0.           1.        ]]
distortion coeffs: [[-0.32876822  0.02580346 -0.00201986 -0.00439741  0.09212148]]
Rs:
 (array([[0.44307585],
       [0.3320138 ],
       [0.47641758]]), array([[ 0.07647684],
       [-0.13188732],
       [-1.49895372]]), array([[-0.15941583],
       [ 0.21036469],
       [-1.45258669]]), array([[ 0.04343597],
       [ 0.07495478],
       [-1.87959629]]), array([[-0.26691491],
       [ 0.24450985],
       [-1.33062601]]), array([[-0.12954989],
       [ 0.12587633],
       [-1.53315496]]), array([[-0.2353399 ],
       [-0.10255624],
       [-1.51789111]]), array([[-0.14045961],
       [-0.0054845 ],
       [-1.53451601]]), array([[ 0.08493384],
       [-0.13401659],
       [-0.03739815]]), array([[ 0.11418658],
       [-0.04023834],
       [-0.08174487]]), array([[-0.04856509],
       [ 0.04025037],
       [-0.05438976]]), array([[0.31102991],
       [0.699846  ],
       [0.18015033]]), array([[ 0.31642625],
       [-0.01240803],
       [ 0.00051215]]), array([[ 0.20485113],
       [-0.29872624],
       [-0.06777218]]), array([[ 0.16177423],
       [-0.39830655],
       [-0.12220332]]), array([[ 0.28041939],
       [-0.1741201 ],
       [-0.07831609]]), array([[ 0.09223355],
       [ 0.14260633],
       [-0.02241051]]), array([[-0.13882509],
       [ 0.0047902 ],
       [-0.17336733]]), array([[-0.1046888 ],
       [-0.09471704],
       [ 1.60774112]]), array([[0.06670483],
       [0.24651734],
       [0.21768261]]), array([[-0.03625679],
       [ 0.09828271],
       [ 0.08333437]]), array([[-0.25748568],
       [ 0.63961675],
       [ 0.04211931]]), array([[-0.2595247 ],
       [ 0.54372296],
       [ 0.03058646]]), array([[-0.37155361],
       [ 0.11004677],
       [ 0.0169217 ]]), array([[-0.29619136],
       [ 0.03593221],
       [-0.00742018]]), array([[-0.33407658],
       [ 0.04489957],
       [ 0.00248226]]), array([[0.09562768],
       [0.20492215],
       [1.62281381]]), array([[-0.18957884],
       [-0.3837946 ],
       [-0.06620565]]), array([[-0.12644546],
       [ 0.00358519],
       [ 0.00735149]]), array([[ 2.37660816e-04],
       [ 2.78002098e-01],
       [-4.21332835e-02]]), array([[ 0.05125706],
       [ 0.2900855 ],
       [-0.07479273]]), array([[ 0.00452687],
       [-0.17035207],
       [-1.51274531]]), array([[ 0.0375875 ],
       [-0.24375824],
       [-1.52642439]]), array([[ 0.07483378],
       [-0.16793205],
       [-1.50976278]]), array([[0.10519406],
       [0.24476136],
       [1.62254803]]), array([[ 0.1141763 ],
       [-0.08536034],
       [-1.49982184]]), array([[-0.18206275],
       [-0.28333426],
       [-1.50014875]]), array([[-0.40589737],
       [-0.51702843],
       [-1.47022064]]), array([[-0.49682974],
       [-0.62325158],
       [-1.46529212]]), array([[-0.06335145],
       [-0.13091036],
       [-1.5025503 ]]), array([[ 0.27154227],
       [ 0.34594835],
       [-1.45761687]]), array([[-0.00825629],
       [-0.17358182],
       [-2.07088743]]), array([[-0.04002861],
       [-0.13116614],
       [-1.83375683]]), array([[-0.14665178],
       [ 0.09577778],
       [-0.94887875]]), array([[-0.0493226 ],
       [ 0.06541373],
       [ 1.594182  ]]), array([[-0.32352359],
       [-0.03755353],
       [-2.56732749]]), array([[-0.28591158],
       [ 0.09757132],
       [-2.61811567]]), array([[-0.1183243 ],
       [ 0.25649334],
       [-2.66204563]]), array([[-0.09900444],
       [ 0.24490119],
       [-2.64988536]]), array([[-0.19242589],
       [ 0.02711996],
       [ 1.56986364]]), array([[-0.2406137 ],
       [ 0.24917706],
       [-0.13197592]]), array([[-0.22193842],
       [ 0.19802443],
       [-0.0055846 ]]), array([[-0.06372479],
       [ 0.27291971],
       [ 0.11438763]]), array([[0.03295344],
       [0.13894339],
       [0.06864887]]), array([[-0.18844938],
       [-0.01858697],
       [ 1.58103268]]), array([[-0.21887375],
       [-0.15077352],
       [-1.24891712]]), array([[-0.11500467],
       [-0.20136713],
       [-1.57842578]]), array([[-0.14276953],
       [-0.26405063],
       [-1.73509481]]), array([[-0.63836392],
       [-0.25707505],
       [-1.60351622]]), array([[-0.39212787],
       [ 0.04404139],
       [-1.68222233]]), array([[-0.36486321],
       [ 0.12658787],
       [-1.65654831]]), array([[-0.4504154 ],
       [ 0.36028625],
       [-0.8721441 ]]), array([[-0.14925026],
       [ 0.02811209],
       [ 1.59716169]]), array([[-0.52551615],
       [ 0.03342417],
       [-1.47485753]]), array([[-0.11132891],
       [-0.15328709],
       [-1.55713504]]), array([[ 0.07125099],
       [-0.17477443],
       [-1.60746008]]), array([[ 0.1377068 ],
       [-0.20774373],
       [-1.63643919]]), array([[-0.4092418 ],
       [ 0.16840339],
       [-1.46210911]]), array([[-0.50968275],
       [ 0.27904347],
       [-1.42261993]]), array([[-0.64514127],
       [ 0.02521045],
       [-1.36646607]]), array([[-0.06616647],
       [ 0.12084518],
       [ 1.61167912]]), array([[-0.03349301],
       [ 0.46020854],
       [-1.5617396 ]]), array([[-0.06652199],
       [ 0.50533565],
       [-1.07656231]]), array([[-0.13515952],
       [ 0.22348396],
       [-1.38971768]]), array([[-0.27376041],
       [ 0.03475688],
       [-1.60112033]]), array([[-0.27096137],
       [ 0.0093725 ],
       [-1.68311223]]), array([[-0.22402648],
       [ 0.09428762],
       [-1.64805166]]), array([[-0.15898311],
       [ 0.10626734],
       [-1.6265203 ]]), array([[-0.26652572],
       [ 0.7545474 ],
       [ 0.06039867]]), array([[-0.26652572],
       [ 0.7545474 ],
       [ 0.06039867]]), array([[-0.26652572],
       [ 0.7545474 ],
       [ 0.06039867]]), array([[-0.03203551],
       [ 0.16643904],
       [ 1.62015158]]), array([[-0.03203551],
       [ 0.16643904],
       [ 1.62015158]]), array([[-0.0921775 ],
       [ 0.15326352],
       [-1.56826851]]), array([[-0.0921775 ],
       [ 0.15326352],
       [-1.56826851]]), array([[-0.12578947],
       [ 0.03724982],
       [-1.59207825]]), array([[-0.1687184 ],
       [-0.05424602],
       [-1.675808  ]]), array([[-0.23307368],
       [-0.18568372],
       [-1.89997558]]), array([[-0.18981924],
       [-0.15649415],
       [-1.90765125]]), array([[-0.1785723 ],
       [-0.20017624],
       [-1.89469741]]), array([[-0.01278915],
       [ 0.17954118],
       [ 1.63779935]]), array([[-0.14346992],
       [-0.29357572],
       [-1.96744686]]), array([[-0.07308368],
       [-0.28043473],
       [-1.94612581]]), array([[ 0.05741172],
       [-0.34881169],
       [-1.9989498 ]]), array([[ 0.02133467],
       [-0.3006419 ],
       [-1.94903157]]), array([[-0.34097025],
       [ 0.07928078],
       [-1.73027248]]), array([[-0.11508757],
       [-0.07608521],
       [-1.75283472]]), array([[-0.25821733],
       [ 0.06779615],
       [-1.70655922]]), array([[-0.43237115],
       [ 0.24987177],
       [-1.67157553]]), array([[-0.54553874],
       [ 0.34296075],
       [-1.64130881]]), array([[-0.20258426],
       [ 0.12670991],
       [-1.54262862]]), array([[-0.00626218],
       [ 0.17817809],
       [ 1.63993228]]), array([[-0.19068941],
       [ 0.11926782],
       [-1.53712578]]), array([[-0.25148579],
       [-0.04093508],
       [-1.51773769]]), array([[-0.36002595],
       [-0.12992877],
       [-1.53307903]]), array([[-0.35793701],
       [-0.05309508],
       [-1.3203109 ]]), array([[-0.33077263],
       [-0.02274891],
       [-1.10051872]]), array([[-0.40523033],
       [-0.16773954],
       [-1.16023726]]), array([[-0.28249243],
       [-0.31372925],
       [-1.56673718]]), array([[-0.12962229],
       [-0.43403422],
       [-1.74727049]]), array([[-0.0024112 ],
       [ 0.19281933],
       [ 1.63084707]]), array([[-0.10929066],
       [-0.07640348],
       [-1.30362332]]), array([[-0.22131074],
       [-0.08422995],
       [-1.39967537]]), array([[-0.30176762],
       [-0.11821566],
       [-1.49031118]]), array([[-0.24588718],
       [-0.17111443],
       [-1.68016566]]), array([[ 0.03948529],
       [ 0.08974694],
       [-0.13405739]]), array([[-0.16747073],
       [-0.24112088],
       [-2.34670513]]), array([[-0.70773897],
       [-0.25697285],
       [-1.87006722]]), array([[-0.58081955],
       [ 0.30714846],
       [-2.71041772]]), array([[ 0.22940049],
       [ 0.40912059],
       [-2.86554448]]), array([[-0.64566643],
       [ 0.30312457],
       [-1.47584501]]), array([[ 0.03220525],
       [-0.23278038],
       [-1.4377146 ]]), array([[-0.03776077],
       [-0.02643642],
       [-1.45300655]]), array([[-0.01789469],
       [ 0.22389225],
       [-1.42634973]]), array([[-0.18313071],
       [ 0.12005155],
       [-1.39650062]]), array([[-0.1340205 ],
       [ 0.30900159],
       [ 1.63555892]]), array([[-0.32208631],
       [ 0.02139572],
       [-1.32920291]]), array([[-0.18392795],
       [-0.03246832],
       [-1.56615904]]), array([[-0.20820553],
       [-0.03172007],
       [-1.66725956]]), array([[-0.21192375],
       [-0.08180944],
       [-1.76835141]]), array([[-0.13685579],
       [ 0.06328684],
       [-1.21969786]]), array([[-0.18035499],
       [ 0.12633831],
       [-0.86437788]]), array([[-0.36051193],
       [-0.05444631],
       [-1.34117652]]), array([[-0.42543916],
       [-0.01392774],
       [-1.40687922]]), array([[ 0.59045604],
       [-0.2327765 ],
       [ 1.56733108]]), array([[-0.3080746 ],
       [-0.05675538],
       [-1.55339969]]), array([[-0.20451234],
       [-0.11960712],
       [-1.59621563]]), array([[ 0.56637242],
       [-0.19263892],
       [ 1.57426597]]), array([[ 0.56868374],
       [-0.17899399],
       [ 1.57755931]]), array([[-0.23812484],
       [ 0.58262625],
       [ 0.19277431]]))
Ts:
 (array([[10.89761038],
       [-3.77863643],
       [41.09389081]]), array([[ 1.12629484],
       [12.49698452],
       [49.28150218]]), array([[ 0.07966712],
       [ 2.5702499 ],
       [49.90443751]]), array([[ 6.86207324],
       [ 8.76894459],
       [43.66257587]]), array([[ 7.34092374],
       [ 6.83352225],
       [44.17789598]]), array([[ 5.66412849],
       [ 7.56222263],
       [42.38877133]]), array([[ 6.97525262],
       [16.90677843],
       [43.07866076]]), array([[ 6.78197709],
       [16.77757445],
       [43.64768126]]), array([[10.95602525],
       [ 0.58981492],
       [43.1484569 ]]), array([[ 8.62881994],
       [ 0.55868862],
       [43.52215645]]), array([[ 8.51808891],
       [-1.14218057],
       [47.80606815]]), array([[10.13980401],
       [-2.1219608 ],
       [42.01594699]]), array([[ 8.63633503],
       [-1.24579828],
       [40.18522618]]), array([[ 7.5789755 ],
       [-1.24382531],
       [41.01298641]]), array([[ 7.22191722],
       [-1.23849623],
       [41.57088243]]), array([[ 7.03434931],
       [-1.90579315],
       [41.75964753]]), array([[ 7.70207368],
       [-2.37355203],
       [46.36650807]]), array([[ 5.67494886],
       [-1.97386969],
       [49.6196266 ]]), array([[14.95437411],
       [ 0.24219811],
       [53.26964423]]), array([[11.77939186],
       [-3.29630119],
       [46.42485513]]), array([[10.1787804 ],
       [-3.04845953],
       [47.72721668]]), array([[11.28623107],
       [ 1.67658201],
       [50.15549753]]), array([[10.86736609],
       [ 1.47532514],
       [49.88549919]]), array([[ 9.0401888 ],
       [ 0.79766493],
       [49.03144478]]), array([[ 8.66379414],
       [ 0.52779972],
       [48.21774145]]), array([[ 8.99130257],
       [ 0.52191509],
       [48.82539468]]), array([[15.10335314],
       [ 0.16423306],
       [50.26687271]]), array([[ 7.23733328],
       [ 0.55502112],
       [46.26864125]]), array([[ 8.70891953],
       [ 0.65596798],
       [47.18890297]]), array([[ 8.48782642],
       [ 1.46816156],
       [47.35982562]]), array([[ 8.11106687],
       [ 1.46713013],
       [47.82807377]]), array([[11.5240785 ],
       [10.63219027],
       [51.89683232]]), array([[11.01878333],
       [10.58075687],
       [51.50475676]]), array([[10.84558481],
       [ 9.94111974],
       [52.19447099]]), array([[14.59729859],
       [ 0.31346198],
       [49.6244571 ]]), array([[10.88969551],
       [ 9.1332142 ],
       [52.11793723]]), array([[10.38451483],
       [ 9.11364985],
       [50.74119866]]), array([[10.43697232],
       [ 8.66765991],
       [49.97061683]]), array([[10.45277045],
       [ 8.43713364],
       [49.79819696]]), array([[ 9.91677137],
       [ 8.71808502],
       [51.10702619]]), array([[ 9.88981849],
       [ 8.96679253],
       [52.00827858]]), array([[10.99687349],
       [10.80840282],
       [49.90854633]]), array([[10.37750334],
       [ 9.9637569 ],
       [50.1535736 ]]), array([[10.83810585],
       [ 5.9290398 ],
       [50.98694805]]), array([[14.41447351],
       [ 0.18833738],
       [50.8945776 ]]), array([[14.39990837],
       [11.67285363],
       [49.55232243]]), array([[14.76740174],
       [12.43406914],
       [49.84699441]]), array([[14.98593272],
       [13.07216332],
       [50.37547286]]), array([[14.79437351],
       [13.23715174],
       [50.44554253]]), array([[14.88165721],
       [ 0.34117061],
       [51.94573464]]), array([[ 9.79967697],
       [ 3.75283196],
       [53.53268539]]), array([[10.38986293],
       [ 2.43166249],
       [54.21587421]]), array([[11.31508531],
       [ 1.52462718],
       [54.09625356]]), array([[10.67840122],
       [ 1.42697351],
       [52.43550288]]), array([[15.74933242],
       [ 0.61844004],
       [51.53290799]]), array([[ 6.75899253],
       [10.75613021],
       [50.68957126]]), array([[ 6.5938754 ],
       [13.86249933],
       [49.45233996]]), array([[ 6.83891484],
       [15.38826626],
       [49.00043916]]), array([[ 4.97604551],
       [ 2.33434371],
       [51.50395715]]), array([[ 5.52402769],
       [ 3.53761042],
       [51.99260019]]), array([[ 5.56374823],
       [ 4.06909773],
       [51.87547111]]), array([[ 5.89523817],
       [ 3.20513509],
       [51.79416153]]), array([[16.97004705],
       [ 0.83529122],
       [51.12565758]]), array([[ 2.71371547],
       [ 3.42113577],
       [49.52677425]]), array([[ 6.67004653],
       [ 4.60354705],
       [46.21080789]]), array([[ 8.70081446],
       [ 5.82344601],
       [45.56740413]]), array([[ 9.43995785],
       [ 6.21506759],
       [45.27664441]]), array([[ 6.11314986],
       [ 5.56628399],
       [49.24922113]]), array([[ 5.72766972],
       [ 5.50674316],
       [50.50493706]]), array([[ 5.60923751],
       [ 4.77732708],
       [49.22928836]]), array([[20.40115317],
       [ 1.03705337],
       [50.97839406]]), array([[ 6.62409265],
       [ 4.9047011 ],
       [51.27033882]]), array([[ 7.07829053],
       [ 4.66585672],
       [50.72392632]]), array([[ 6.15466111],
       [ 4.6302532 ],
       [49.14794376]]), array([[ 5.35447473],
       [ 5.12733958],
       [48.56930875]]), array([[ 4.91151652],
       [ 6.17057364],
       [48.19968175]]), array([[ 4.60906738],
       [ 6.77427468],
       [47.95309347]]), array([[ 4.96287406],
       [ 7.88948579],
       [46.84293913]]), array([[11.54273074],
       [-0.22751771],
       [54.70782847]]), array([[11.54273074],
       [-0.22751771],
       [54.70782847]]), array([[11.54273074],
       [-0.22751771],
       [54.70782847]]), array([[22.52601329],
       [ 1.13410068],
       [51.62259613]]), array([[22.52601329],
       [ 1.13410068],
       [51.62259613]]), array([[ 6.87818402],
       [ 8.81077455],
       [46.54279088]]), array([[ 6.87818402],
       [ 8.81077455],
       [46.54279088]]), array([[10.05789188],
       [10.52391915],
       [47.31919082]]), array([[ 9.95434143],
       [10.41160036],
       [47.30799876]]), array([[ 9.52148679],
       [10.84963455],
       [46.92629462]]), array([[ 9.41162027],
       [11.10588732],
       [46.83550187]]), array([[10.11784835],
       [11.05151006],
       [46.47375633]]), array([[22.22339343],
       [ 1.31143433],
       [51.95876633]]), array([[10.97832104],
       [11.16924538],
       [46.10693556]]), array([[11.05887953],
       [11.29471825],
       [45.74156311]]), array([[11.18661264],
       [11.58756107],
       [45.00261843]]), array([[10.22995319],
       [11.54208879],
       [45.16922614]]), array([[11.39172377],
       [12.07540861],
       [47.62230306]]), array([[ 9.07958611],
       [12.31735929],
       [42.25388146]]), array([[ 7.34894562],
       [12.34439487],
       [42.9752495 ]]), array([[ 8.46858489],
       [12.51150763],
       [45.1470541 ]]), array([[10.52413915],
       [12.82108323],
       [46.72939506]]), array([[ 5.78800974],
       [ 4.82020344],
       [44.53790086]]), array([[21.9084981 ],
       [ 1.37756345],
       [51.86366464]]), array([[ 5.09990448],
       [ 5.40319429],
       [43.65132623]]), array([[ 5.09102395],
       [10.83516752],
       [40.70798774]]), array([[ 4.64635775],
       [16.20604251],
       [40.83450972]]), array([[ 5.31693436],
       [14.82113599],
       [42.31977753]]), array([[ 5.97244732],
       [12.98910261],
       [43.13453223]]), array([[ 6.64584368],
       [11.95966539],
       [42.33179097]]), array([[ 6.53168894],
       [11.25797744],
       [40.92555272]]), array([[ 8.91303354],
       [11.56973766],
       [41.38895648]]), array([[21.84220732],
       [ 1.35006319],
       [51.81480499]]), array([[ 7.3898036 ],
       [12.82714754],
       [42.18753902]]), array([[ 6.99075791],
       [12.90226044],
       [42.68295635]]), array([[ 6.7983593 ],
       [13.06724342],
       [42.67317683]]), array([[ 6.03762553],
       [13.79708437],
       [43.02842921]]), array([[10.43640064],
       [ 4.27645231],
       [43.14485513]]), array([[10.01310638],
       [15.13063697],
       [38.81108492]]), array([[ 7.84063287],
       [12.89145795],
       [41.04756177]]), array([[13.69968029],
       [16.71543294],
       [42.46519383]]), array([[16.81013737],
       [16.47216311],
       [44.8712679 ]]), array([[ 5.80541765],
       [11.59681714],
       [46.42509761]]), array([[ 2.89757406],
       [13.99385158],
       [41.9558684 ]]), array([[ 5.37759105],
       [14.41954349],
       [42.54688064]]), array([[ 4.37168267],
       [11.00593834],
       [44.48758079]]), array([[ 4.27733212],
       [ 8.10930962],
       [44.43817216]]), array([[20.72156956],
       [-3.28590961],
       [53.56482463]]), array([[ 3.65822007],
       [ 7.33697658],
       [44.11185345]]), array([[ 2.60090132],
       [10.60845174],
       [42.26901571]]), array([[ 2.46598918],
       [11.01602902],
       [42.44712711]]), array([[ 2.6496343 ],
       [11.66671071],
       [42.21851421]]), array([[ 4.89023127],
       [10.75995558],
       [43.02071759]]), array([[ 4.94255908],
       [ 9.39896034],
       [43.15089403]]), array([[ 5.5060559 ],
       [11.79929585],
       [43.93464276]]), array([[ 3.59172895],
       [ 9.38232003],
       [45.28196612]]), array([[21.8784866 ],
       [-3.29037367],
       [45.3257804 ]]), array([[ 1.61092328],
       [ 9.74165108],
       [44.38198956]]), array([[ 0.92275666],
       [10.10851387],
       [43.44134337]]), array([[22.90504119],
       [-3.36907767],
       [45.79903376]]), array([[23.08743144],
       [-3.39740029],
       [45.92166354]]), array([[12.66303207],
       [-0.95949736],
       [52.85043621]]))
SUCCESS